5.274984966292846356e-02 7.384978952809985453e-02 3.692489476404992588e-01 1.476995790561996987e-02 4.219987973034277848e-03 6.931330245708800832e-03 2.458142994292466382e-02 1.476995790561997091e-01 2.426493084494709407e-01 6.329981959551415904e-02 1.000000000000000000e+00
4.955524170569142184e-02 5.781444865663998983e-02 3.468866919398399529e-01 9.638494511756981464e-03 3.543199781956936616e-03 7.276361323785690387e-03 2.973314502341485241e-02 1.486657251170742655e-01 3.055906571850970921e-01 4.129603475474284691e-02 1.000000000000000000e+00
2.321460353326265658e-02 6.964381059978796973e-02 4.178628635987278184e-01 1.160730176663132829e-02 1.110431869007730190e-03 2.867003536357938011e-03 1.714011560872559167e-02 1.199421182551903831e-01 3.095280471101687358e-01 2.708370412213976369e-02 1.000000000000000000e+00
5.216810650640624908e-02 7.303534910896875010e-02 3.651767455448437505e-01 1.460706982179374794e-02 3.870873502775343429e-03 7.752180626851967911e-03 4.517758023454781363e-02 1.356370769166562462e-01 2.712741538333124924e-01 3.130086390384374806e-02 1.000000000000000000e+00
9.804882831650160724e-02 4.902441415825080362e-02 2.941464849495048495e-01 8.170735693041801181e-03 8.170735693041801181e-03 1.542634898846292034e-02 3.676831061868810618e-02 1.470732424747524247e-01 2.778050135634212436e-01 6.536588554433440945e-02 1.000000000000000000e+00
3.858322401419862768e-02 6.173315842271780152e-02 3.086657921135890215e-01 1.234663168454356100e-02 4.244154641561848768e-03 7.716644802839725190e-03 1.882861331892892939e-02 1.697661856624739507e-01 3.086657921135890215e-01 6.944980322555752150e-02 1.000000000000000000e+00
8.659008254921202186e-02 5.772672169947468818e-02 3.463603301968480874e-01 9.625930843387404609e-03 6.018010737170235297e-03 1.021762974080701880e-02 3.607920106217167577e-02 1.443168042486867031e-01 2.453385672227674230e-01 5.772672169947468818e-02 1.000000000000000000e+00
6.769014160777624134e-02 8.122816992933148961e-02 4.061408496466574758e-01 1.624563398586629723e-02 4.508163431077898131e-03 4.508163431077898131e-03 1.353802832155524827e-01 1.353802832155524827e-01 1.353802832155524827e-01 1.353802832155524827e-02 1.000000000000000000e+00
4.574565416285453212e-02 6.404391582799634497e-02 3.202195791399817248e-01 1.280878316559926761e-02 4.446477584629460189e-03 8.362305580969809152e-03 7.776761207685270461e-02 1.555352241537054092e-01 2.927721866422690056e-01 1.829826166514181285e-02 1.000000000000000000e+00
1.082251082251082241e-01 4.329004329004328827e-02 2.164502164502164483e-01 8.658008658008658001e-03 1.731601731601731600e-02 2.164502164502164414e-02 1.731601731601731531e-01 1.731601731601731531e-01 2.164502164502164483e-01 2.164502164502164414e-02 1.000000000000000000e+00
9.457874626413952102e-02 5.674724775848371400e-02 2.837362387924185492e-01 1.134944955169674315e-02 1.008209435175727413e-02 1.386524420232285344e-02 1.513259940226232281e-01 1.513259940226232281e-01 2.080732417811069490e-01 1.891574925282790351e-02 1.000000000000000000e+00
5.413247298789598122e-02 6.495896758547517469e-02 3.247948379273759012e-01 1.299179351709503494e-02 4.687872160751792132e-03 7.935820540025549999e-03 1.407444297685295498e-01 1.407444297685295498e-01 2.381828811467422979e-01 1.082649459757919520e-02 1.000000000000000000e+00
4.869212940420310221e-02 6.816898116588433754e-02 3.408449058294217293e-01 1.363379623317686681e-02 4.177784702880625589e-03 8.345830979880411449e-03 4.869212940420310221e-02 1.460763882126092927e-01 2.921527764252185855e-01 2.921527764252185994e-02 1.000000000000000000e+00
5.012405704117690874e-02 5.847806654803972687e-02 3.508683992882383751e-01 9.749129094508909854e-03 3.383373850279441757e-03 7.359882375546143544e-03 3.550454040416697876e-02 1.420181616166679150e-01 3.090983517539243053e-01 3.341603802745127250e-02 1.000000000000000000e+00
4.741583688952109854e-02 7.586533902323375211e-02 3.793266951161687883e-01 1.517306780464675216e-02 3.556187766714082564e-03 4.504504504504504465e-03 1.422475106685633095e-01 1.422475106685633095e-01 1.801801801801801717e-01 9.483167377904219014e-03 1.000000000000000000e+00
4.887028198152703479e-02 5.701532897844820841e-02 3.420919738706892366e-01 9.505269845407008505e-03 3.298744033753075143e-03 7.754084741068955830e-03 3.461644973691498095e-02 1.384657989476599238e-01 3.258018798768468893e-01 3.258018798768468755e-02 1.000000000000000000e+00
2.591586673024692464e-02 9.848029357493831570e-02 4.924014678746915785e-01 1.969605871498766175e-02 1.202496216283457237e-03 2.073269338419754006e-03 2.850745340327161606e-02 1.140298136130864642e-01 1.969605871498766314e-01 2.073269338419753832e-02 1.000000000000000000e+00
7.357268981753972703e-02 7.357268981753972703e-02 3.678634490876985796e-01 1.471453796350794332e-02 5.885815185403178024e-03 8.240141259564449233e-03 7.357268981753972703e-02 1.471453796350794541e-01 2.060035314891112135e-01 2.942907592701588665e-02 1.000000000000000000e+00
5.762277251969978586e-02 8.643415877954967186e-02 3.457366351181986874e-01 2.160853969488741796e-02 6.007174035178702506e-03 7.202846564962473233e-03 1.440569312992494577e-01 1.440569312992494577e-01 1.728683175590993437e-01 1.440569312992494647e-02 1.000000000000000000e+00
5.387205387205386969e-02 8.080808080808081495e-02 3.232323232323232598e-01 2.020202020202020374e-02 6.168350168350168403e-03 1.066666666666666631e-02 7.407407407407406996e-02 1.481481481481481399e-01 2.558922558922558932e-01 2.693602693602693485e-02 1.000000000000000000e+00
2.426477724934484811e-02 1.091914976220518252e-01 4.367659904882073008e-01 2.729787440551295630e-02 1.516548578084053007e-03 3.202950596913520329e-03 1.559011938270406412e-02 1.091914976220518252e-01 2.305153838687760692e-01 4.246336018635348680e-02 1.000000000000000000e+00
5.737673564625329903e-02 6.693952492062885118e-02 4.016371495237731071e-01 1.115977508319626610e-02 3.413915770952070852e-03 5.240408522357801330e-03 7.172091955781662032e-02 1.434418391156332406e-01 2.199441533106376301e-01 1.912557854875110083e-02 1.000000000000000000e+00
4.797773832941514688e-02 6.716883366118120424e-02 3.358441683059060212e-01 1.343376673223624189e-02 4.116489948663819461e-03 8.501655231972365251e-03 2.398886916470757344e-02 1.439332149882454615e-01 2.974619776423739204e-01 5.757328599529817903e-02 1.000000000000000000e+00
7.342143906020558164e-02 5.873715124816446947e-02 2.936857562408223266e-01 1.174743024963289389e-02 7.342143906020558684e-03 1.174743024963289389e-02 1.468428781204111633e-01 1.468428781204111633e-01 2.349486049926578779e-01 1.468428781204111737e-02 1.000000000000000000e+00
2.353780442981479384e-02 4.526500851887460541e-02 5.884451107453698704e-01 3.481784455271834475e-03 4.236804797366663087e-04 5.178316974559254342e-04 1.966311970059912706e-02 1.376056258973787916e-01 1.683858316902135388e-01 1.267420238528488979e-02 1.000000000000000000e+00
1.790747072128537343e-02 3.443744369477955841e-02 4.476867680321343079e-01 2.648928169002444030e-03 4.835017094747050097e-04 9.366984684980040861e-04 8.264986486747094227e-03 1.570347432481948025e-01 3.044270022618513205e-01 2.617245720803246592e-02 1.000000000000000000e+00
4.165526105947180840e-03 6.129274127322280330e-02 4.290491889125596647e-01 8.755935874700974259e-03 1.755471716077740437e-04 4.111969341727859592e-04 1.047332278066719817e-03 1.267510086523928048e-01 2.963474286802423308e-01 7.200409411708698360e-02 1.000000000000000000e+00
4.778723385768961218e-02 3.909864588356423004e-02 4.300851047192065235e-01 3.553632481417282052e-03 1.490092837562503663e-03 2.719528035901245221e-03 1.477059955601315276e-02 1.477059955601315311e-01 2.693462271978869227e-01 4.344293987062692458e-02 1.000000000000000000e+00
4.176046953953387736e-02 3.037125057420645910e-02 3.340837563162710189e-01 2.759987395931011705e-03 2.201915666629968276e-03 3.796406321775807387e-03 1.936167224105661555e-02 1.936167224105661833e-01 3.340837563162710189e-01 3.796406321775807474e-02 1.000000000000000000e+00
4.919213104783710933e-02 3.577609530751790085e-02 3.935370483826968746e-01 3.251152661070688850e-03 1.829052872596852479e-03 2.133149682710754665e-03 1.609924288838305573e-01 1.609924288838305573e-01 1.878245003644689604e-01 4.472011913439737606e-03 1.000000000000000000e+00
4.147515826543347189e-02 3.016375146576979679e-02 3.318012661234677751e-01 2.741130914451830273e-03 2.269822297799177144e-03 3.770468933221224599e-03 2.220806201667301430e-02 1.998348534607249094e-01 3.318012661234677751e-01 3.393422039899102183e-02 1.000000000000000000e+00
1.271160488634091867e-02 4.044601554744837318e-02 4.449061710219321397e-01 3.677120613485163579e-03 4.414393696892937309e-04 7.592294918478167520e-04 7.083830723024530165e-03 1.698732652992831771e-01 2.923669123858411156e-01 2.773441066110745798e-02 1.000000000000000000e+00
3.674448740827656896e-03 1.384042359045084269e-01 4.152127077135252531e-01 4.613515357358512203e-02 5.021746612464464670e-04 5.781132685568846291e-04 1.702494583250147714e-02 1.702494583250147853e-01 1.959705995108083632e-01 1.224816246942552270e-02 1.000000000000000000e+00
5.852322494181815341e-03 1.150956757189090379e-01 3.452870271567270999e-01 3.836587549769125693e-02 9.266177282454539799e-04 9.266177282454539799e-04 1.638650298370908365e-01 1.638650298370908365e-01 1.638650298370908365e-01 1.950774164727271708e-03 1.000000000000000000e+00
1.287415513356936041e-02 1.287415513356935937e-01 2.574831026713871873e-01 6.437077566784679683e-02 4.345027357579659029e-03 4.345027357579659029e-03 1.738010943031863542e-01 1.738010943031863542e-01 1.738010943031863542e-01 6.437077566784680203e-03 1.000000000000000000e+00
3.141280668715829005e-03 1.586346737701493648e-01 3.172693475402987295e-01 7.931733688507468238e-02 8.481457805532738358e-04 1.166985768427930385e-03 1.711997964450126877e-02 1.711997964450126808e-01 2.355960501536871476e-01 1.570640334357914503e-02 1.000000000000000000e+00
9.898118664585422305e-03 3.761285092542460129e-02 3.761285092542460684e-01 3.761285092542460302e-03 4.216598551113389520e-04 9.373518375362394767e-04 3.088213023350651950e-03 1.603495223662838309e-01 3.563322719250752169e-01 5.147021705584419599e-02 1.000000000000000000e+00
1.876822081437395581e-02 4.379251523353922676e-02 3.941326371018530339e-01 4.865139906659382216e-03 8.946185254851585526e-04 1.609896274299632687e-03 6.256073604791318604e-03 1.689139873293656058e-01 3.044622487665108457e-01 5.630466244312186397e-02 1.000000000000000000e+00
9.742621587917416059e-03 4.005299986143826679e-02 3.604769987529444220e-01 4.450213038658721795e-03 5.758971871968962411e-04 9.883348344187335450e-04 3.485693501454898216e-03 1.916048912290425343e-01 3.290841069696549548e-01 5.953824303727309891e-02 1.000000000000000000e+00
4.069616487481452632e-03 3.988224157731824066e-02 3.988224157731823927e-01 3.988224157731824412e-03 1.542384648755470565e-04 3.398129767047013204e-04 9.034548602208826310e-04 1.509827716855619006e-01 3.328946286759828510e-01 6.796259534094026278e-02 1.000000000000000000e+00
7.167317034323484465e-03 3.981842796846380567e-02 3.583658517161742441e-01 4.424623715855697560e-03 3.949988054471609278e-04 7.629210798757664379e-04 2.142231424703352431e-03 1.775901887393485645e-01 3.432348490881579894e-01 6.609859042764991421e-02 1.000000000000000000e+00
2.704464259152583247e-03 1.311665165689002710e-01 5.246660662756010840e-01 3.279162914222506775e-02 1.778185250392823390e-04 1.845796856871637960e-04 2.298794620279695500e-02 1.379276772167817300e-01 1.433366057350869138e-01 4.056696388728874871e-03 1.000000000000000000e+00
1.424897229287337697e-02 1.282407506358604066e-01 2.564815012717208131e-01 6.412037531793020328e-02 4.752032259673271385e-03 4.944393385627061585e-03 1.709876675144805236e-01 1.709876675144805236e-01 1.781121536609172329e-01 7.124486146436688483e-03 1.000000000000000000e+00
1.108033240997229919e-02 1.218836565096952929e-01 2.437673130193905857e-01 6.094182825484764643e-02 4.155124653739612414e-03 4.155124653739612414e-03 1.828254847645429393e-01 1.828254847645429393e-01 1.828254847645429393e-01 5.540166204986149597e-03 1.000000000000000000e+00
1.285024961609879113e-02 1.156522465448891202e-01 2.313044930897782403e-01 5.782612327244456008e-02 5.178650595287813754e-03 5.352128965105146241e-03 1.863286194334324852e-01 1.863286194334324852e-01 1.927537442414818669e-01 6.425124808049395564e-03 1.000000000000000000e+00
1.197110176035051307e-02 1.316821193638556264e-01 2.633642387277112529e-01 6.584105968192781322e-02 4.219813370523555623e-03 5.171515960471421806e-03 9.277603864271646850e-02 1.855520772854329370e-01 2.274509334466597310e-01 1.197110176035051307e-02 1.000000000000000000e+00
6.875337750967015597e-03 4.537722915638230103e-02 4.537722915638230381e-01 4.537722915638230277e-03 1.876967206013995415e-04 4.544598253389197599e-04 1.333815523687601010e-03 1.237560795174062755e-01 2.997647259421618582e-01 6.394064108399324931e-02 1.000000000000000000e+00
4.819984297562266741e-03 4.819984297562266568e-02 4.337985867806039564e-01 5.355538108402518697e-03 1.392439908184654903e-04 4.209452953204379606e-04 1.167507307631748988e-03 1.130018540872931299e-01 3.411477775052403905e-01 5.194871965150442417e-02 1.000000000000000000e+00
1.886673794101000057e-02 4.611869274469111019e-02 4.150682347022199847e-01 5.123367503092049122e-03 6.037356141123200164e-04 1.714776848416242096e-03 5.198834454856088826e-03 1.194893402930633369e-01 3.396012829381799825e-01 4.821499696035889265e-02 1.000000000000000000e+00
4.421902567798821106e-03 4.520167069305461999e-02 4.068150362374915452e-01 5.022298672004394532e-03 1.405182371544958691e-04 4.348204191668841325e-04 9.482524395390806021e-04 1.164434342853689630e-01 3.601393980218373647e-01 6.043266842658389509e-02 1.000000000000000000e+00
8.309566434522002581e-03 4.708754312895801347e-02 4.237878881606220727e-01 5.232256998270686833e-03 2.732924071798347289e-04 7.257021352815881763e-04 2.160487272975720151e-03 1.255667816772213508e-01 3.333059425402714049e-01 5.355053924469734689e-02 1.000000000000000000e+00
4.966558506059201746e-03 4.414718672052623388e-02 3.973246804847361258e-01 4.905304284484470791e-03 1.837626647241904793e-04 4.845153742577754650e-04 1.114716464693287510e-03 1.324415601615787086e-01 3.487627750921572511e-01 6.566894024678278374e-02 1.000000000000000000e+00
4.102806062921659710e-03 4.872082199719470624e-02 3.897665759775576499e-01 6.090102749649338280e-03 1.553937796331578451e-04 4.805411601196994198e-04 9.077458414214171914e-04 1.179556743089977128e-01 3.651497396000277229e-01 6.667059852247696206e-02 1.000000000000000000e+00
4.928379445790289325e-03 4.435541501211260479e-02 4.879095651332386319e-01 4.032310455646600199e-03 1.030479338665242359e-04 2.692687315381785281e-04 9.587938194537472562e-04 1.120086237679611130e-01 2.930145597769863164e-01 5.242003592340580692e-02 1.000000000000000000e+00
2.973915784652810673e-02 3.568698941583373085e-02 3.568698941583372530e-01 3.568698941583372825e-03 1.091427092967581398e-03 2.973915784652810760e-03 5.025917676063250059e-03 1.308522945247236613e-01 3.568698941583372530e-01 7.732181040097307889e-02 1.000000000000000000e+00
4.499084436317209341e-03 4.599064090457592041e-02 4.139157681411833045e-01 5.109960123114946386e-03 1.459702950449583408e-04 4.214142422017119749e-04 1.024791454938919809e-03 1.209753815098627422e-01 3.489289929499346798e-01 5.898799594282563841e-02 1.000000000000000000e+00
4.863925063717417473e-03 3.758487549236186331e-02 4.134336304159805242e-01 3.416686269758589974e-03 1.136389764886705885e-04 3.953044551784883477e-04 7.384322596734625493e-04 1.061220013901982007e-01 3.696583048425237661e-01 6.367320083411892595e-02 1.000000000000000000e+00
4.977146601853157590e-03 4.590035199486801332e-02 4.131031679538121337e-01 5.099916218032202013e-03 1.570566261029218496e-04 4.695108294414812328e-04 1.056261112171059079e-03 1.172394532880966095e-01 3.506123272861002560e-01 6.138480808952228446e-02 1.000000000000000000e+00
2.817104204684531613e-02 3.756138939579375252e-02 3.380525045621438074e-01 4.172444338716089010e-03 1.421072565474196985e-03 3.130115782982812855e-03 5.289895673240953625e-03 1.533756733661578164e-01 3.380525045621438074e-01 9.077335770650156455e-02 1.000000000000000000e+00
6.059830728728310759e-03 4.309212962651243206e-02 3.878291666386118886e-01 4.787939590220779106e-03 2.013210430988627685e-04 6.531150896518290484e-04 1.218699290999804719e-03 1.158100983712521542e-01 3.763828197065695047e-01 6.396487991435438614e-02 1.000000000000000000e+00
4.361974054978321608e-03 4.044739578252624923e-02 4.449213536077887832e-01 3.677144128346724553e-03 8.842911038728778767e-05 3.045450976566682665e-04 6.067109367378937385e-04 9.913577397678002834e-02 3.418201486719375515e-01 6.463652463286058414e-02 1.000000000000000000e+00
3.133363796592466416e-02 3.133363796592466416e-02 3.760036555910959977e-01 2.611136497160388825e-03 7.990077681310789413e-04 2.556302630720020796e-03 4.412820680201057395e-03 1.148900058750571135e-01 3.681702460996148507e-01 6.788954892617010684e-02 1.000000000000000000e+00
7.688512721285007193e-03 3.587972603266336574e-02 4.305567123919603612e-01 2.990190739186427121e-03 1.640216047207468191e-04 5.298666683752249968e-04 1.294232974749642742e-03 1.102020156717517657e-01 3.562344227528719820e-01 5.446029844243546747e-02 1.000000000000000000e+00
1.022112843529287586e-02 4.656291842744531700e-02 4.190662658470079016e-01 5.174162350132704459e-03 3.384329193019196378e-04 8.801527263724420519e-04 2.157793780784051426e-03 1.249249030980240233e-01 3.248047480548624799e-01 6.586949436077631226e-02 1.000000000000000000e+00
5.137444624768751182e-03 4.264079038558063472e-02 4.264079038558063472e-01 4.264079038558063472e-03 1.366560270188487748e-04 4.248666704683756777e-04 1.078863371201437644e-03 1.135375262073893970e-01 3.524287012591363344e-01 5.394316856007188438e-02 1.000000000000000000e+00
9.787129924149742810e-02 3.914851969659897263e-02 3.914851969659897124e-01 3.914851969659897957e-03 3.670173721556153901e-03 3.914851969659897957e-03 1.468069488622461560e-01 1.468069488622461560e-01 1.565940787863958905e-01 9.787129924149743157e-03 1.000000000000000000e+00
3.243962175401034903e-02 2.973631994117615154e-02 3.568358392941138324e-01 2.478927762368957587e-03 1.002924972561486513e-03 2.703301812834195753e-03 4.406381954919738782e-03 1.324617888288755763e-01 3.568358392941138324e-01 8.109905438502587605e-02 1.000000000000000000e+00
1.006648071639787770e-02 3.691042929345888374e-02 4.429251515215065771e-01 3.076148732252584426e-03 2.189459555816538293e-04 6.434158924564309595e-04 1.996518675418912283e-03 1.157645282385755953e-01 3.397437241784283524e-01 4.865465679592307496e-02 1.000000000000000000e+00
5.270947183352240294e-03 4.451022065941891842e-02 4.005919859347703005e-01 4.945319779580703047e-03 1.797978650321264277e-04 5.165528239685195913e-04 1.077615868596458080e-03 1.229887676115522799e-01 3.531534612846001231e-01 6.676533098912837416e-02 1.000000000000000000e+00
2.691838346134519874e-02 3.140478070490273360e-02 3.768573684588327755e-01 2.617812791615820815e-03 8.008219079750196695e-04 2.148984279664058455e-03 5.181788816308950663e-03 1.345919173067260111e-01 3.611549781063814191e-01 5.832316416624792887e-02 1.000000000000000000e+00
6.667407489721080549e-02 3.889321035670630089e-02 4.667185242804756107e-01 3.239248805422824916e-03 1.189021002333592696e-03 3.239248805422824916e-03 2.000222246916324303e-02 1.000111123458162082e-01 2.722524724969441201e-01 2.778086454050450113e-02 1.000000000000000000e+00
9.958398789058707512e-03 3.651412889321526550e-02 4.381695467185831583e-01 3.043120696623189975e-03 2.439807703319383256e-04 6.157609917901300843e-04 1.916991766893801335e-03 1.286293176920083048e-01 3.253076937759177834e-01 5.560105990557778766e-02 1.000000000000000000e+00
7.194617275139432444e-03 4.532608883337842232e-02 4.532608883337842509e-01 4.532608883337842579e-03 1.676345825107487851e-04 5.072205178973299058e-04 1.215890319498563960e-03 1.057608739445496521e-01 3.194410070161907700e-01 6.259317029371305741e-02 1.000000000000000000e+00
1.452430481028837116e-02 5.164197265880309667e-02 4.647777539292278770e-01 5.738714211709494348e-03 4.373429559542387434e-04 9.586041174790324148e-04 3.598799969660340485e-03 1.258773083558325512e-01 2.759617913954790502e-01 5.648340759556588764e-02 1.000000000000000000e+00
3.529220771581772879e-03 1.364632031678285617e-01 4.093896095034856852e-01 4.548812652491747432e-02 4.529166656863275521e-04 5.811450203871319038e-04 3.940963194932979585e-02 1.576385277973191834e-01 2.023419909040216624e-01 4.705627695442363839e-03 1.000000000000000000e+00
1.562500000000000000e-02 1.562500000000000000e-01 1.562500000000000000e-01 1.562500000000000000e-01 1.562500000000000000e-02 1.562500000000000000e-02 1.562500000000000000e-01 1.562500000000000000e-01 1.562500000000000000e-01 1.562500000000000000e-02 1.000000000000000000e+00
1.219512195121951262e-02 1.585365853658536606e-01 1.585365853658536606e-01 1.585365853658536606e-01 1.219512195121951262e-02 1.219512195121951262e-02 1.585365853658536606e-01 1.585365853658536606e-01 1.585365853658536606e-01 1.219512195121951262e-02 1.000000000000000000e+00
1.923076923076923184e-02 1.538461538461538547e-01 1.538461538461538547e-01 1.538461538461538547e-01 1.923076923076923184e-02 1.923076923076923184e-02 1.538461538461538547e-01 1.538461538461538547e-01 1.538461538461538547e-01 1.923076923076923184e-02 1.000000000000000000e+00
1.193317422434367510e-02 1.193317422434367614e-01 2.386634844868735228e-01 5.966587112171838070e-02 4.325775656324581941e-03 5.220763723150357964e-03 1.730310262529833054e-01 1.730310262529833054e-01 2.088305489260143255e-01 5.966587112171837549e-03 1.000000000000000000e+00
1.172161172161172160e-02 1.172161172161172160e-01 2.344322344322344320e-01 5.860805860805860801e-02 4.542124542124542121e-03 4.981684981684981681e-03 1.816849816849816779e-01 1.816849816849816779e-01 1.992673992673992811e-01 5.860805860805860801e-03 1.000000000000000000e+00
4.175003291829518237e-02 3.211540993715013975e-02 4.175003291829518237e-01 2.469675024166845777e-03 9.634622981145042186e-04 2.594925122921731483e-03 2.087501645914759119e-02 1.252500987548855471e-01 3.372118043400764709e-01 1.926924596229008524e-02 1.000000000000000000e+00
4.623433916838714033e-03 3.614684698619358150e-02 3.976153168481293965e-01 3.286000578349551268e-03 1.735889279685807942e-04 3.585262846421293816e-04 1.302967740200001263e-03 1.643420601349033783e-01 3.391919246262584120e-01 5.295933395651617609e-02 1.000000000000000000e+00
2.339947585174092029e-02 4.254450154861985633e-02 4.679895170348183919e-01 3.867295190769544887e-03 3.573738130084068215e-04 1.595418808073244526e-03 7.147476260168135129e-03 7.870732786494673283e-02 3.509921377761138217e-01 2.339947585174092029e-02 1.000000000000000000e+00
6.993170003962796699e-02 3.885094446645998012e-02 3.496585001981398211e-01 4.320225024670350418e-03 2.937131401664374447e-03 7.249586237441432539e-03 2.198963456801635019e-02 1.320932111859639269e-01 3.263479335182637997e-01 4.662113335975197337e-02 1.000000000000000000e+00
1.190316773051228183e-01 4.463687898942105686e-02 3.570950319153684549e-01 5.579609873677632108e-03 6.204526179529526800e-03 6.204526179529526800e-03 1.487895966314035368e-01 1.487895966314035368e-01 1.487895966314035368e-01 1.487895966314035229e-02 1.000000000000000000e+00
3.862733888536950752e-03 1.454963098015584766e-01 4.364889294046754298e-01 4.849919912650711012e-02 4.596653327358971009e-04 4.867044699556557922e-04 3.894923337608091618e-02 1.557969335043236647e-01 1.648099792442432321e-01 5.150311851382601003e-03 1.000000000000000000e+00
1.192218463084415009e-01 3.649648356380862449e-03 3.576655389253244888e-01 3.771303301593557629e-05 5.839437370209379485e-04 5.912430337336997297e-04 1.715334727499005230e-01 1.715334727499005230e-01 1.739665716541544394e-01 1.216549452126954077e-03 1.000000000000000000e+00
6.091951922315428855e-03 1.462068461355702786e-01 2.924136922711405573e-01 7.310342306778513932e-02 1.903734975723571409e-03 2.062125725703772838e-03 9.137927883473143109e-02 1.827585576694628622e-01 1.979884374752514387e-01 6.091951922315428855e-03 1.000000000000000000e+00
6.064662534609925951e-03 3.583664224996774283e-02 3.942030647496452267e-01 3.257826447000913839e-03 2.150198534998064705e-04 4.835190038957186713e-04 1.438979019575627964e-03 1.538218951960154124e-01 3.456857644727657775e-01 5.899262647302382784e-02 1.000000000000000000e+00
9.817664159526133874e-03 4.036150821138521916e-02 3.632535739024669308e-01 4.484490817756881138e-03 5.737879275456384681e-04 9.795847128060519542e-04 3.468908003032567400e-03 1.908990253241192592e-01 3.261646204109237557e-01 5.999683653043748344e-02 1.000000000000000000e+00
1.965254303906925626e-02 4.585593375782825998e-02 4.127034038204543398e-01 5.094375878905397191e-03 6.354322249299058749e-04 1.663915310641196979e-03 3.428276952370970347e-03 1.200988741276454441e-01 3.144406886251081001e-01 7.642655626304710459e-02 1.000000000000000000e+00
6.371354390659594857e-02 6.371354390659594857e-02 5.097083512527675886e-01 7.964192988324493572e-03 1.863621159267931510e-03 2.612255300170434041e-03 3.982096494162246786e-02 1.194628948248673966e-01 1.672480527548143581e-01 2.389257896497348072e-02 1.000000000000000000e+00
3.785189009628006293e-03 3.785189009628006640e-02 3.785189009628006640e-01 3.785189009628006293e-03 1.650342408197810740e-04 3.444521998761485926e-04 9.576528194358856000e-04 1.650342408197810751e-01 3.444521998761486126e-01 6.510525096560171310e-02 1.000000000000000000e+00
4.863871057697399455e-03 4.593655998936432838e-02 4.134290399042789832e-01 5.103822029877139003e-03 1.632098954916238488e-04 4.388292554278098805e-04 9.835828138899185575e-04 1.248393571475665959e-01 3.356071029811205642e-01 6.863462492528553394e-02 1.000000000000000000e+00
1.304898152699181767e-02 4.639637876263757316e-02 4.175674088637381653e-01 5.155797589998100013e-03 4.378658245723920928e-04 1.132361619175623231e-03 3.001265751208117769e-03 1.261401547609208862e-01 3.262245381747954087e-01 6.089524712596181000e-02 1.000000000000000000e+00
3.893491073994735912e-03 3.574932713395166661e-02 3.932425984734683189e-01 3.250003185583606215e-03 1.408735861318095558e-04 3.143109157915750513e-04 9.769123058386791712e-04 1.564475504277884899e-01 3.493523354575276407e-01 5.663259743992343082e-02 1.000000000000000000e+00
3.642677208795277056e-03 3.940714434969436186e-02 4.334785878466380082e-01 3.582407458613391747e-03 8.643079559050612462e-05 2.642596738744210322e-04 6.225666502304655694e-04 1.129229934726535961e-01 3.460543348355513138e-01 5.993859770835865269e-02 1.000000000000000000e+00
3.091603914836205114e-03 3.895420932693618304e-02 3.895420932693618443e-01 3.895420932693618651e-03 1.313931663805387076e-04 2.664962574588808928e-04 8.285498491761030633e-04 1.657099698352205996e-01 3.357481851512119087e-01 6.183207829672410227e-02 1.000000000000000000e+00
6.287616539225994797e-03 5.239680449354995606e-02 4.715712404419495907e-01 5.821634291263357193e-03 1.788477593379838389e-04 4.233661803078836395e-04 1.529986691211658546e-03 1.208619623651218944e-01 2.857372405048257402e-01 5.519130073320595298e-02 1.000000000000000000e+00
3.771578141441723174e-03 4.080161807559681830e-02 4.488177988315650291e-01 3.709175666737868794e-03 8.091749467093150693e-05 2.561244428779061041e-04 6.000237952293649814e-04 1.059470587004993081e-01 3.353275838481822868e-01 6.068812100319863345e-02 1.000000000000000000e+00
9.043267513417949446e-03 3.979037705903897687e-02 3.979037705903897826e-01 3.979037705903898207e-03 3.554004132773254127e-04 7.704863921432093116e-04 2.848629266726653876e-03 1.564485279821305197e-01 3.391225317531730843e-01 4.973797132379872282e-02 1.000000000000000000e+00
9.483097432504054500e-03 4.214709970001801614e-02 3.793238973001621384e-01 4.682542776672001493e-03 3.751091873301603250e-04 1.018906135247935442e-03 2.412921457826031589e-03 1.348707190400576517e-01 3.666797673901567300e-01 5.900593958002522260e-02 1.000000000000000000e+00
8.146838619273790230e-03 4.888103171564274485e-02 3.910482537251419588e-01 6.110128964455343106e-03 3.075431578775855907e-04 9.307763122520306765e-04 1.792304496240234007e-03 1.181291599794699609e-01 3.574425444206375535e-01 6.721141860900876897e-02 1.000000000000000000e+00
8.371111851076060845e-03 4.092543571637184685e-02 3.683289214473466355e-01 4.547373982212317943e-03 4.278568279438875531e-04 8.715257560509187583e-04 2.641550850784000863e-03 1.692824840995381108e-01 3.450758329721353435e-01 5.952790649654086941e-02 1.000000000000000000e+00
9.300758631879074353e-03 4.857062841092404937e-02 4.371356556983164721e-01 5.396506841741391565e-03 2.831564294594296179e-04 7.719629664459631401e-04 2.500870654349706453e-03 1.198764445886636165e-01 3.265599697415318969e-01 4.960404603668839424e-02 1.000000000000000000e+00
9.868074804392827637e-03 4.385811024174589984e-02 3.947229921757131055e-01 4.872636047857969825e-03 3.497684291779235900e-04 1.007640082804112059e-03 2.576663976702571988e-03 1.260920669450194542e-01 3.629258622504473175e-01 5.372618504613872747e-02 1.000000000000000000e+00
3.643456231160295111e-03 1.408803076048647518e-01 4.226409228145941999e-01 4.696050736342504556e-02 4.323568060976883337e-04 4.505740872534898332e-04 7.529809544397943200e-02 1.505961908879588640e-01 1.566686179398926737e-01 2.428970820773530218e-03 1.000000000000000000e+00
1.375099694727867881e-02 1.237589725255081041e-01 2.475179450510162082e-01 6.187948626275405206e-02 4.964109897967602589e-03 4.964109897967602589e-03 1.787629603146228263e-01 1.787629603146228263e-01 1.787629603146228263e-01 6.875498473639339407e-03 1.000000000000000000e+00
2.920950321450582580e-03 1.285218141438256301e-01 3.855654424314768902e-01 4.284060471460854336e-02 4.916933041108481270e-04 5.432967597898084042e-04 1.947300214300388271e-02 1.947300214300388410e-01 2.151766736801929147e-01 9.736501071501941357e-03 1.000000000000000000e+00
1.098719991210240013e-02 1.867823985057407987e-01 1.867823985057407987e-01 1.867823985057407987e-01 8.405207932758337191e-03 1.098719991210240013e-02 3.570839971433280302e-02 1.428335988573312121e-01 1.867823985057407987e-01 4.394879964840960052e-02 1.000000000000000000e+00
1.923076923076923184e-02 1.538461538461538547e-01 1.538461538461538547e-01 1.538461538461538547e-01 1.923076923076923184e-02 1.923076923076923184e-02 1.538461538461538547e-01 1.538461538461538547e-01 1.538461538461538547e-01 1.923076923076923184e-02 1.000000000000000000e+00
4.212486230435634645e-03 1.453307749500293844e-01 2.906615499000587688e-01 7.266538747501469220e-02 1.312189460780700118e-03 1.908256262387342424e-03 2.264211348859153372e-02 1.811369079087322698e-01 2.632803894022271440e-01 1.684994492174253858e-02 1.000000000000000000e+00
6.465210701216753814e-03 1.486998461279853412e-01 2.973996922559706824e-01 7.434992306399267059e-02 1.897539340807117073e-03 2.460012671812974745e-03 5.818689631095078085e-02 1.745606889328523426e-01 2.262823745425863731e-01 9.697816051825130720e-03 1.000000000000000000e+00
5.243965982869393250e-03 3.670776188008575275e-02 4.037853806809433288e-01 3.337069261825977799e-03 1.644698421899945962e-04 4.166569335479863682e-04 1.158439758033875293e-03 1.392034606361693683e-01 3.527758933930319474e-01 5.720690163130247308e-02 1.000000000000000000e+00
9.754479744822809259e-03 4.443707439308168528e-02 3.999336695377351814e-01 4.937934413045857659e-03 3.262331559101850904e-04 9.602743393236676901e-04 2.070117368067951776e-03 1.203052501861479884e-01 3.544127640618954245e-01 6.286220279996922178e-02 1.000000000000000000e+00
3.742991248886460252e-03 2.133505011865282353e-01 2.133505011865282353e-01 2.133505011865282353e-01 1.706804009492225932e-03 3.742991248886460252e-03 1.388649753336876694e-02 9.731777247104796136e-02 2.133505011865282353e-01 2.620093874220522090e-02 1.000000000000000000e+00
1.615508885298869157e-02 1.615508885298869157e-01 1.615508885298869157e-01 1.615508885298869157e-01 1.453957996768982276e-02 1.615508885298869157e-02 1.453957996768982242e-01 1.453957996768982242e-01 1.615508885298869157e-01 1.615508885298869157e-02 1.000000000000000000e+00
2.574291761769892210e-03 3.401742685195929122e-02 4.762439759274300632e-01 2.429763667144811332e-03 4.670500767782518697e-05 1.197045669222999894e-04 4.174030213726896438e-04 1.208078348202013680e-01 3.102021572932719962e-01 5.314073708224991560e-02 1.000000000000000000e+00
2.822909035990678502e-03 4.290821734705831808e-02 4.290821734705831392e-01 4.290821734705831114e-03 8.384039836892314594e-05 2.196223230000748125e-04 6.125712608099772531e-04 1.275954884267786749e-01 3.336678480540982150e-01 5.871650794860611838e-02 1.000000000000000000e+00
2.616780365773559418e-03 1.517732612148664506e-01 3.035465224297329012e-01 7.588663060743322530e-02 8.059683526582563356e-04 1.049328926675197494e-03 2.339401647001562029e-02 1.870997961528094999e-01 2.433605740169410281e-01 1.046712146309423767e-02 1.000000000000000000e+00
3.101699559041712524e-03 4.238989397357006972e-02 3.815090457621306275e-01 4.710103097047009524e-03 1.247572489303444348e-04 3.398084183572364775e-04 9.029392049654762957e-04 1.381979470195251747e-01 3.759949132127231586e-01 5.272889250370910857e-02 1.000000000000000000e+00
1.590722904023733619e-02 1.352114468420173576e-01 2.704228936840347153e-01 6.760572342100867882e-02 4.676725337829776806e-03 7.722959699035226132e-03 5.305060884919151482e-02 1.590722904023733619e-01 2.624692791639160472e-01 2.386084356035600429e-02 1.000000000000000000e+00
3.001099602894500510e-03 3.931440479791795811e-02 3.931440479791795672e-01 3.931440479791795291e-03 1.245456335201217731e-04 2.571942359680587094e-04 8.223012911930931840e-04 1.629597084371713633e-01 3.370234854050523920e-01 5.942177213731111157e-02 1.000000000000000000e+00
1.585213131905584619e-02 1.902255758286701681e-01 1.902255758286701681e-01 1.902255758286701681e-01 9.241792559009557803e-03 1.585213131905584619e-02 5.548245961669546339e-02 1.109649192333909268e-01 1.902255758286701681e-01 3.170426263811169237e-02 1.000000000000000000e+00
1.905276026864392153e-02 8.573742120889764340e-02 5.144245272533859437e-01 1.428957020148294114e-02 4.890208468951940052e-04 1.527396281536287648e-03 8.827778924471682900e-03 7.938650111934968112e-02 2.476858834923709729e-01 2.857914040296588229e-02 1.000000000000000000e+00
2.709827771089234547e-02 5.806773795191216836e-02 4.064741656633851785e-01 8.295944162063183594e-03 1.254263139761302827e-03 2.949841087957138022e-03 1.196195401809390518e-02 1.316202060243342464e-01 3.096946024101982498e-01 4.258300783140225865e-02 1.000000000000000000e+00
7.738406485226829827e-03 6.411822516330802080e-02 4.488275761431561039e-01 9.160062305227072849e-03 2.233083014308313830e-04 8.302204672007641902e-04 2.586838739347254151e-03 9.064990454122857921e-02 3.371734254277404252e-01 3.869203242613415000e-02 1.000000000000000000e+00
1.098068497512874955e-02 7.215878697941749409e-02 5.051115088559224864e-01 1.030772585308157262e-02 2.431437387349937224e-04 9.208088686286536621e-04 6.541350906612412343e-03 7.843346410806249780e-02 2.964784943284762275e-01 1.882403138593500072e-02 1.000000000000000000e+00
7.429806899318686098e-03 2.006047862816045246e-01 2.006047862816045246e-01 2.006047862816045246e-01 4.405875491295980530e-03 7.429806899318686098e-03 2.971922759727474439e-02 1.188769103890989776e-01 2.006047862816045246e-01 2.971922759727474439e-02 1.000000000000000000e+00
2.745787177958389572e-02 6.668340289327517878e-02 4.667838202529261959e-01 9.527881507515611331e-03 8.904195562807920876e-04 2.275080804594094112e-03 1.059089340069664653e-02 1.059089340069664514e-01 2.706561646844698465e-01 3.922553111369127959e-02 1.000000000000000000e+00
1.225415109368298457e-02 1.899393419520862547e-01 3.798786839041725094e-01 9.496967097604312735e-02 1.188652656087249527e-03 3.161570982170210011e-03 1.225415109368298457e-02 7.352490656209791087e-02 1.960664174989277531e-01 3.676245328104895543e-02 1.000000000000000000e+00
1.745596732242917296e-02 1.483757222406479614e-01 2.967514444812959229e-01 7.418786112032398072e-02 2.827866706233526147e-03 8.727983661214586478e-03 2.400195506834011325e-02 9.600782027336045299e-02 2.967514444812959229e-01 3.491193464485834591e-02 1.000000000000000000e+00
2.443076321704289872e-02 1.343691976937359533e-01 2.687383953874719067e-01 6.718459884686797667e-02 4.996091077885272264e-03 1.166568943613798329e-02 1.099384344766930477e-01 1.099384344766930477e-01 2.565230137789504261e-01 1.221538160852144936e-02 1.000000000000000000e+00
1.618948169374357510e-02 1.538000760905639808e-01 3.076001521811279615e-01 7.690003804528199038e-02 1.918453580708613659e-03 8.094740846871787548e-03 1.457053352436921828e-02 7.285266762184608447e-02 3.076001521811279615e-01 4.047370423435894121e-02 1.000000000000000000e+00
4.120531430825106686e-03 6.298526615689806207e-02 4.408968630982864623e-01 8.998063350227512511e-03 1.589347837603970030e-04 3.849753651085171700e-04 9.418357556171673851e-04 1.189067641466673708e-01 2.884372001577574784e-01 7.416956575485192382e-02 1.000000000000000000e+00
4.253328229339457811e-02 7.655990812811024060e-02 3.827995406405512169e-01 1.531198162562204951e-02 2.271277274467270457e-03 6.618178724852197096e-03 1.454638254434094564e-02 1.020798775041469875e-01 2.977329760537620329e-01 5.954659521075240936e-02 1.000000000000000000e+00
4.313218052778104716e-02 3.528996588636630627e-02 3.881896247500293828e-01 3.207465788338626639e-03 1.901737050543073331e-03 2.850645022154256469e-03 2.352664392424420534e-02 1.882131513939536427e-01 2.823197270909304502e-01 3.136885856565894276e-02 1.000000000000000000e+00
3.997354478127202598e-02 2.907166893183420198e-02 3.197883582501762079e-01 2.641887914180433058e-03 2.561940824617889127e-03 3.633958616479275247e-03 2.816317927771438273e-02 2.253054342217150618e-01 3.197883582501762079e-01 2.907166893183420198e-02 1.000000000000000000e+00
4.811140852709109433e-02 3.499011529242988805e-02 3.848912682167287547e-01 3.179726727199566096e-03 1.937577634318305136e-03 2.038174215784041045e-03 1.705768120505957164e-01 1.705768120505957164e-01 1.793243408737031919e-01 4.373764411553736006e-03 1.000000000000000000e+00
4.701196240752533034e-02 2.991670335024339267e-02 3.290837368526773332e-01 2.718146190107828195e-03 2.551467414299329189e-03 4.273814764320484419e-03 2.457443489484278584e-02 1.965954791587422867e-01 3.290837368526773332e-01 3.419051811456387535e-02 1.000000000000000000e+00
4.917212030182741000e-02 3.129134928298107909e-02 3.442048421127918978e-01 2.843042591996566837e-03 2.092050209205021175e-03 4.470192754711582728e-03 1.609269391696169921e-02 1.609269391696169782e-01 3.442048421127918978e-01 4.470192754711582728e-02 1.000000000000000000e+00
4.407068938577478334e-02 3.605783677017936756e-02 3.966362044719730640e-01 3.277256719778524636e-03 1.903052496203910988e-03 2.548087131759342247e-03 6.278070024319007403e-02 1.883020364664922675e-01 2.524048573912555660e-01 1.201927892339312368e-02 1.000000000000000000e+00
4.525073018223703392e-02 3.290962195071783780e-02 3.620058414578962713e-01 2.990661894771483829e-03 2.102102102102102171e-03 3.504874737751450045e-03 3.702332469455756753e-02 1.851166234727878446e-01 3.085277057879797780e-01 2.056851371919865210e-02 1.000000000000000000e+00
4.392573037508180900e-03 1.888806406128517856e-01 1.888806406128517856e-01 1.888806406128517856e-01 3.984063745019920250e-03 4.392573037508180900e-03 4.282758711570476551e-02 1.713103484628190620e-01 1.888806406128517856e-01 1.757029215003272360e-02 1.000000000000000000e+00
1.021905567750295250e-02 3.883241157451122055e-02 3.883241157451122194e-01 3.883241157451121969e-03 3.954774547193642487e-04 9.064302385945119389e-04 2.544544863698235473e-03 1.502201184592933947e-01 3.443821763318494766e-01 6.029242849726741682e-02 1.000000000000000000e+00
